1 998.580000 -998.580000
1 533.400000 -533.400000
1 29.440000 -29.440000
1 2276.295000 -2276.295000
1 3095.225000 -3095.225000
2 -2974.600000 2974.600000
1 539.280000 -539.280000
2 -167.960000 167.960000
2 -142.880000 142.880000
2 -143.350000 143.350000
1 82.740000 -82.740000
1 146.630000 -146.630000
1 2369.395000 -2369.395000
1 2145.465000 -2145.465000
1 10128.095000 -10128.095000
1 2954.600000 -2954.600000
1 12169.215000 -12169.215000
1 3779.790000 -3779.790000
1 788.130000 -788.130000
1 1064.915000 -1064.915000
1 5428.935000 -5428.935000
1 69040.800000 -69040.800000
1 27261.125000 -27261.125000
1 70988.940000 -70988.940000
1 23842.245000 -23842.245000
1 8244.635000 -8244.635000
1 34337.160000 -34337.160000
1 7671.030000 -7671.030000
1 16296.390000 -16296.390000
1 25768.530000 -25768.530000
1 2104.125000 -2104.125000
1 74421.990000 -74421.990000
1 66575.300000 -66575.300000
1 36734.950000 -36734.950000
