1122	178	847	33	1018	1	0
1016	105	784	1269	128	1	0
64	92	5517	1045	1726	1	0
1141	399	1876	2450	1092	1	0
769	805	1976	1537	1415	1	0
1390	-428	521	690	521	1	0
428	252	2216	1183	961	1	0
646	-52	3033	7064	612	1	0
188	-152	1105	155	554	1	0
470	-61	1058	1327	3889	1	0
591	28	804	283	1524	1	0
682	43	812	348	2111	1	0
931	509	318	1128	3808	1	0
1029	417	498	1357	1976	1	0
1049	1931	5407	2282	4178	1	0
1496	395	2228	2128	2570	1	0
993	2451	2504	4401	3570	1	0
861	878	651	2057	319	1	0
973	162	672	1102	167	1	0
571	373	1049	4509	424	1	0
541	2007	1551	6371	1066	0	1
3568	3870	3823	7056	4766	0	1
2335	2335	5629	6957	3702	0	1
2442	5814	3852	7281	2996	0	1
1083	4403	1016	7248	1150	0	1
721	2287	7671	8964	455	0	1
2392	2871	615	3653	1533	0	1
723	2122	4558	10449	494	0	1
1023	3186	489	975	5487	0	1
2349	2194	339	5086	7003	0	1
775	543	2016	3340	1141	0	1
2502	5949	1251	5178	3392	0	1
3190	4174	8970	6311	3074	0	1
1030	7133	3570	5314	2787	0	1
