1124	298	1057	177	543	1	0
1062	307	1395	3460	2972	1	0
1398	309	823	416	485	1	0
942	693	1655	392	740	1	0
928	713	2000	7972	2453	1	0
842	247	537	597	375	1	0
1066	52	6133	403	961	1	0
1668	-215	775	140	404	1	0
966	-223	633	848	783	1	0
1175	492	463	1094	1288	1	0
626	-25	628	1343	733	1	0
747	408	294	5252	2095	1	0
706	724	1220	2408	1405	1	0
864	360	662	2525	742	1	0
515	938	1990	2133	1718	1	0
825	848	1143	1232	623	1	0
1837	926	2474	1150	1016	1	0
883	390	220	1232	1198	1	0
1309	615	1271	1519	1010	1	0
817	827	4004	180	1969	1	0
383	68	1781	1912	1377	1	0
825	122	350	354	791	1	0
731	-108	431	178	596	1	0
899	222	3970	1687	868	1	0
1171	700	747	3711	635	1	0
805	433	773	1750	827	1	0
1286	-674	115	291	190	1	0
2402	2947	5878	8518	3127	0	1
2137	1050	2140	3628	853	0	1
3965	4863	5162	10603	6159	0	1
2539	2612	2887	8479	5503	0	1
2286	1671	4681	1285	2083	0	1
1641	2224	3077	7858	6718	0	1
2545	3348	6000	8859	1766	0	1
3818	6218	5065	11003	4915	0	1
2943	1548	7260	5849	2056	0	1
2535	3297	2027	3259	4136	0	1
1373	3482	3072	8855	4126	0	1
